; map by TriGen

1 1111111111111111111111111111111111111111111000000000000000000011111111
1 1000000000000000000000000000001000000000000000000000000000000000100001
1 1000000000000000000000000000001000000000000000000000000000000000100001
1 1000111111111111111001111000001000000000000000000000000000000000100001
1 1000100000000000000000001000001000000000000000000000000000000000100001
1 1000100000000000000000001000001000000001111111111000000000000000111001
1 1000100000000000000000001000001000000001000000001000000000000000000001
1 1000100000000000000000001000001000000001000000001000000000000000000001
1 1040100000000000000000001000001000000001000000001000000000000000000001
1 1000100000000000000000001000001000000001000000001000000000000000000001
1 1000111111111111111111111000001000000001111111111000000000000000030001
1 1000000000100000000000000000001000000000000000000000000000000000000001
1 1000000000100000000000000000001000000000000000000000111111000000000001
1 1000000000100000000000000000001000000000000000000000000001000001000001
1 1000000000000000000000000000001000000000000000000000000001005001000001
1 1000200000000000000000000000001111111111100000000000000001000001000001
1 1000000000000000000000010000000000100000100000000000000001000000100001
1 1000000000000000000000000000000000100000111111111110000001111111100001
1 1000000000000000000000000000000000100100100000000000000001000000000001
1 1000010000000000010000001000000000100000100000000000000001000000000001
1 1000000000000000000000000000000000100000100000000000000001000000000001
1 1000000000000000000000000000000000100000100000000000000001000000000001
1 1000011111111111111111110000000000111111100000000000000001000000000001
1 1000000000000000000000000000000000000000000000000000000001000000000001
1 0000000000000000000000000000000010000000000000000000000001111111111000
1 0000000000000000100000000000000000000000000000000000000000000000000000
1 0000000000000000000000000000000000000000000000000000000000000000000000
1 0000000000000000000000000000000000000000000000000000000000000000000000
1 0000000000000000000000000000000000000000000000000000000000000000000000
1 1111111111111111111111111111111111111111111000000000000000000011111111

; 2 = Red team spawn location
; 3 = Blue team spawn location
; 4 = Red flag
; 5 = Blue flag

2 20