; This map is generated using mapmaker v1.0-alpha

1 0000000000000000000000010000
1 0000000000000000000000101000
1 0000000000000000000001000100
1 0000000000000000000010000010
1 0000000000000000000100000001
1 0000000000000000001000000000
1 0000000000000000010000000000
1 0000000000000000100000000000
1 0000000000000001000000000000
1 0000000000000010000000000000
1 0000000000000100000000000000
1 0000000000001000000000000000
1 0000000000010000000000000000
1 0000000000100000000000000000
1 0000000001000000000000000000
1 1000000010000000000000000000
1 0100000100000000000000000000
1 0010001000000000000000000000
1 0001010000000000000000000000
1 0000100000000000000000000000
2 20

3 2 168 79 base_gfx.dat
